44.25313
44.25313
44.25313
44.25313
44.25313
44.25313
44.25313
44.25313
56.77360
56.77360
56.77360
56.77360
56.77360
56.77360
56.77360
56.77360
49.26503
49.26503
49.26503
49.26503
49.26503
49.26503
49.26503
49.26503
1200.00000
1200.00000
1200.00000
1200.00000
1200.00000
1200.00000
1200.00000
1200.00000
78.17518
78.17518
78.17518
78.17518
78.17518
78.17518
78.17518
78.17518
1200.00000
1200.00000
1200.00000
1200.00000
1200.00000
1200.00000
1200.00000
1200.00000
1200.00000
1200.00000
1200.00000
1200.00000
1200.00000
1200.00000
1200.00000
1200.00000
68.30079
68.30079
68.30079
68.30079
68.30079
68.30079
68.30079
68.30079
1200.00000
1200.00000
1200.00000
1200.00000
1200.00000
1200.00000
1200.00000
1200.00000
1200.00000
1200.00000
1200.00000
1200.00000
1200.00000
1200.00000
1200.00000
1200.00000
71.56357
71.56357
71.56357
71.56357
71.56357
71.56357
71.56357
71.56357
1200.00000
1200.00000
1200.00000
1200.00000
1200.00000
1200.00000
1200.00000
1200.00000
