4.092748275855850011e+02
4.074371346781892385e+02
4.006132755842102711e+02
4.006132755842102711e+02
4.006132755842102711e+02
4.006132755842102711e+02
4.006132755842102711e+02
4.006132755842102711e+02
4.009946776770005954e+02
4.009946776770005954e+02
4.009946776770005954e+02
4.009946776770005954e+02
4.210348596183582686e+02
4.262486944523927832e+02
4.009946776770005954e+02
4.009946776770005954e+02
4.006173266734896288e+02
4.006173266734896288e+02
4.131201598082910778e+02
4.071638051606340696e+02
4.006173266734896288e+02
4.006173266734896288e+02
4.006173266734896288e+02
4.006173266734896288e+02
4.000000000000000000e+02
4.000000000000000000e+02
4.000000000000000000e+02
4.000000000000000000e+02
4.000000000000000000e+02
4.000000000000000000e+02
4.000000000000000000e+02
4.000000000000000000e+02
4.000283678594855132e+02
4.000283678594855132e+02
4.001668110592542007e+02
4.002766451174580880e+02
4.000283678594855132e+02
4.000283678594855132e+02
4.000283678594855132e+02
4.000283678594855132e+02
4.000000000000000000e+02
4.000000000000000000e+02
4.000000000000000000e+02
4.000000000000000000e+02
4.000000000000000000e+02
4.000000000000000000e+02
4.000000000000000000e+02
4.000000000000000000e+02
4.000000000000000000e+02
4.000000000000000000e+02
4.000000000000000000e+02
4.000000000000000000e+02
4.000000000000000000e+02
4.000000000000000000e+02
4.000000000000000000e+02
4.000000000000000000e+02
4.000077536303210763e+02
4.000969254529989030e+02
4.000077536303210763e+02
4.000077536303210763e+02
4.000077536303210763e+02
4.000077536303210763e+02
4.000077536303210763e+02
4.000575676279449908e+02
4.000000000000000000e+02
4.000000000000000000e+02
4.000000000000000000e+02
4.000000000000000000e+02
4.000000000000000000e+02
4.000000000000000000e+02
4.000000000000000000e+02
4.000000000000000000e+02
4.000000000000000000e+02
4.000000000000000000e+02
4.000000000000000000e+02
4.000000000000000000e+02
4.000000000000000000e+02
4.000000000000000000e+02
4.000000000000000000e+02
4.000000000000000000e+02
4.001581397203797792e+02
4.000098683815907634e+02
4.000098683815907634e+02
4.000098683815907634e+02
4.000628720137559640e+02
4.000098683815907634e+02
4.000098683815907634e+02
4.000098683815907634e+02
4.000000000000000000e+02
4.000000000000000000e+02
4.000000000000000000e+02
4.000000000000000000e+02
4.000000000000000000e+02
4.000000000000000000e+02
4.000000000000000000e+02
4.000000000000000000e+02
